aprt_living_area
37
58
56
32
36
77.6
115
43
10
29
20
40.1
33.4
32.9
16
44
63
29
42
16.21
28
45
64
32
28
50
125
35.59
35
50
64.6
50
32
25
28.54
21
48.1
50
0
0
41
0
50
53.2
0
42
0
50
20
69
18
17.96
40
65.8
54
31
30
44
17
0
39.7
45
50
0
19
0
0
30
46.7
60
41
0
20
69
18
17.96
40
65.8
54
31
30
44
17
0
39.7
45
50
0
19
0
0
30
46.7
60
41
0
42
58
0
58
27
30
45
180
21
0
32
16
42
75
29.5
31
18
40
0
18
80
15
50
0
33.1
20
87
17
46
0
30
47.72
16
0
48
20
0
40
43
32.1
28.78
42
30
22
95
73
40
13
29
41
0
50
30
47
0
13.61
29
75.2
29
52
46.5
47
0
0
240
48
17
0
0
15
41.8
103
20.8
20
0
10.28
26.9
29
14.6
18
35.6
21
18
41
0
78
0
36
39.6
38
19
31
18
0
13
36
0
13.4
0
28.3
62.5
0
42
13
35
27.2
0
93
22
45
17
80
26
31
178
0
0
86.6
15.08
0
40
40.6
95
29
52
42.3
80
18
46
15.6
20
42
0
170
32
34.19
0
18
50
56
34.5
30
41
31.4
91
61
150
56
22
14
47
15
17.5
55
33
40
68
15.7
40.6
120
86
18
27
45
42
37
53
0
15.3
31
22
0
53.22
18
60
53.21
28.74
30
71.2
15
40.24
0
20
16
48
31
53
27.2
0
0
29
12.3
57
30
33
0
45
16
18
101
0
0
150
35
27
0
0
37
19
19
27
25
26
0
50
33
37.23
15
73
32
43
18
62
46.7
18
16.3
0
35
32
0
36
18
42.6
22
35
30
90
32
33
73
0
28
37
0
40
52.3
42
0
0
30
18
14
38
0
31
41
50
18
0
16
0
30
39.7
24
32
0
0
57
80
15
64
14
73
0
115
204
22
42
0
20
39
28
55
0
50
53
50
18
41.89
36.32
22.3
36.31
30
150
0
20
20
80.7
20.9
23.8
60.8
0
42
29
19
34.4
35
33.5
14.1
98
19
137
0
106.5
0
97.3
14
44
16
29
34
29.25
62.2
40
38
56
29.73
30
16
47
65
17
48
0
66
37.2
26.5
35
0
0
29.5
36
61
15.5
0
46
52
41
46
68
15
0
101
15.4
18
0
34
54
27
0
68
34
0
60
25
120
35
0
15
0
0
0
31
150
41
28.8
54
0
60
34.01
53.47
0
0
36
0
0
16
36.97
55
0
37
40
80
15
32
150
41
40
0
50.6
84
16
40
45
48
16
0
47.06
17
0
15
0
12
70.5
43
21.6
52
0
40
29
40
35
18
47
28
14
58
90
14.61
0
0
16
0
41
11
41
0
0
16
49
22
40
300
42.5
0
0
21.7
115
95
37
41
62.6
0
0
36
12.9
0
18
0
86
42
17
40
55
22
20
0
28
16.2
78
0
17
16
30
81
60
77
32
43.2
23
28
41
30
0
0
0
0
43
0
56
57
51.7
15
26.7
34
0
33.2
62
53
33
15
0
0
16
27
35
0
34.21
0
36
25
12
30
0
15
90
40
61
19.2
35
39
35
54
50
41.9
42
18
43
0
26
34
16.75
54
56
21
15.3
51.9
39
24
39
55
25
26
57
75
18
39
0
18
44
37.3
70
18
0
37
64
20
30
0
0
15
0
30
49
18
0
16
48
44
30
60
0
60
44
35
60.1
125
52
37
0
52
15.6
15
50
0
0
30
30
41.1
46.2
59
27.6
34
14
42
75
16.3
0
0
0
15.5
31
55
0
88.5
0
43.6
30
32.32
122.2
0
25
18
0
0
40
33
0
24
43
41
43
17
65
0
20
60
19
0
74
17.9
18.53
31
50
12
15.5
65
48.3
0
38
18
15.32
70
30
56
15
15
32
0
0
50.3
101
19
36
45
14
0
31
66
14
17
17.2
18
31
16
0
42
70
18
20
192.8
46
47
52
0
0
42.9
15
51
40.05
25
0
80
0
0
100
0
0
0
25
20
180
13
0
35
67
35
70
21
70
