aprt_total_area
73
110.27
100
58
79
138.7
201.4
87
40
51
48
85
76
56
38
70
103
56.44
69
47.39
50
64
96
46
44
100
240
72.1
75
78
126
93
63
44
67.92
52
99
96
65
50
76
45.3
99
74.7
59
73
62
76
76
210
33
66.8
62
102.1
110
51
44
91
28
56
67.3
100
82
122
45
75
34
46
100
99
75
62
76
210
33
66.8
62
102.1
110
51
44
91
28
56
67.3
100
82
122
45
75
34
46
100
99
75
62
72
116.3
159
76
47.32
44
95
240
36
50
71
60.51
80.66
123
74
81
43
84
46
55
136
21.31
136
41
71
57
149
50
75
92
60
70.99
60.51
55
83
55
36
65
112
50
68
85
51
46
207
130
81
41
50
54
83
81
44
90
79
43
51
126.1
54.9
110
106
72
122
67
273
83
45
74.6
26.9
49
84.1
183
48.3
76
160
40.82
59.5
73
46.79
44
75
60
34
65
190
240
85
48
75
60
49.7
47.18
50
71
30.34
68
44
48
46
63.9
92.48
63
71
35
48
56
206
172
45
85
49
193
41.3
43
350
127
77.9
180
54.54
0
60
60
174
73
93
73.2
140
50
88
47.8
43
72
247
250
67
81
33
58.3
93
109
70.05
55
88
44.2
150
87
275
80
54
43
94
42
33.8
116
76
59
200
70
75.5
150
162
45
62
75
90.4
70
95
555
37.62
93
55
102
94
41
77.5
87.98
65.91
67
127.24
31
87
82
50
40
70
75
96
56
43
119
43
22
105
44
69
45
95
28
40
161
100
65
213
62
63
90
39
73
34
50
39
55
58
52
92
68
84.7
65
145
58
76
46
88
93.3
41.6
58
52
70
65
47
79
34
98
50
70
45
150
66
65
130
70
60
78
53
65
87.3
69
61
81
57
48
47
93
49
66.25
72
65
49
31
41
53
77
100
55
58
52
312
87
145
50
125
43
130
81
208
306
54
105
69
66
67
46
104
55
92
86
87
43.2
86.74
90.77
48.6
86.38
51
250
25
42
46
127
46
66
122.8
70
81
54.9
41.3
85
79
83
38
160
37
198.3
108
150
72
130.9
41
53
43
46.5
71
56
118
80
85
104
60.27
47.3
31
90
104
46
103
38
111
90
55.8
79
74
46
49
76
103
46.5
110
70
95.09
60
93
130
25
55
171
43
48
87
53
84
46
52
91
65
82
88
41
150
73
81
50
37
60
30
63
213
73.7
45.1
87
68
103
79.97
91
64
61
94
111
46
40
70
84
53
80
70
137
51
52
248
52
74
108
111.1
123.89
55
67
70
88
24
42.8
96.19
46
250
37
51
61
110
64
32.1
110
51
70
45
74.2
70
41.08
80
40
54
98
185
48.75
73
110
40
165
74
57
70
86.72
78
58.7
92
54
85
350
80.1
170
48
55
230
155.72
81.6
91.2
120.3
29
67
72
55
47.24
49.31
62
130
67
42
74
88
49
42
49
55
42
142
50
32
44
52
156
123
165
66
82.2
41
42
61
80
119
53
63
43
86
120
108
94
115
36.25
55
62
53
48.5
122
90
55
40
46
340
41
47
55
79
65
32
63
50
36
35
52
50
165
71
110
102
80
60
70
80
84
72
96
32
113
119
61
75
54.83
82
98
32
37
96
74
54
88
125.2
65
50
100
125
55
55
49
51.89
55
60.4
130
40
56
75
98
58.4
51
32
308
30
90
61
105
32
27
37
76
75
65
114
152
115
89
70
84.2
157.6
85
83
119
100
42
44
262
125
35
51
66
68
70
113
66.2
108
46
60
125
58
198.5
120
68
42
69
86
32
144.3
52
92
60
81.09
189
59
69
48
62
87
83
65
37
56
64
78
64
37
117
45
42
115
52.1
76
115
40.22
59.62
44
90
68
46.22
106.2
85
130
45
46
40.95
112
55.2
86.2
55
41
75
125
124.14
78.9
158
44
48
61
66
133
47
135
35
44
64.8
41
51
55
81
82
89
44.3
44
358
95
68
112
38
44
72.4
40
70
57.51
63
42
120
120
70
160
53
222
104
44
47
200.3
72
31
66
120
95
112
50
126
