aprt_year
2015
0
2011
1902
2014
2009
2018
2012
2017
1980
2012
0
2018
1985
2017
1981
2016
0
1987
0
2016
1976
1960
1966
1964
2008
0
0
2007
1916
0
0
2013
2019
0
2009
2017
0
0
2016
1986
2019
1977
0
2018
1983
0
1963
2014
1906
1962
0
2017
2009
2002
1990
1971
2010
1969
0
1983
1892
0
2006
2017
0
0
0
2008
2010
1990
2018
2014
1906
1962
0
2017
2009
2002
1990
1971
2010
1969
0
1983
1892
0
2006
2017
0
0
0
2008
2010
1990
2018
1994
2016
2014
1959
1990
1962
2017
2013
0
1969
0
2020
0
2004
2008
2018
2013
0
2017
2020
2011
0
2018
2019
2019
1957
2001
2017
2018
2013
2007
0
2020
0
2013
2015
0
1963
2019
2013
0
2018
1981
0
2015
2005
2003
0
2019
1971
0
1980
1959
2014
0
0
1980
2019
1993
2003
2017
1996
0
0
1914
2005
0
0
0
0
1999
2007
2009
2014
2005
2017
2007
0
0
2015
0
2014
1977
1974
2005
1958
0
2017
2018
2005
2012
1964
2015
2017
0
2011
1964
2016
0
2021
1946
2017
1977
2018
0
2013
2015
2001
0
2015
0
2003
1963
1962
1895
0
0
2001
0
0
1970
1973
0
2010
0
1979
2002
2018
2005
0
2019
1975
2010
2005
2020
1986
0
2005
2018
2011
2018
1971
2020
1960
2005
0
2006
1969
2015
0
2006
2019
0
2007
0
1973
2012
2017
1997
1936
2005
1971
0
1883
2010
2016
2016
2001
0
2015
0
0
0
0
0
2013
0
0
0
1982
0
0
1983
0
0
2013
2014
2013
2019
0
1905
0
2012
1959
2016
0
0
1973
0
2009
0
0
2003
1971
0
1983
0
2015
1982
0
1961
2019
0
0
2018
2016
2020
2018
2012
2006
1989
0
2015
2014
0
2004
0
2018
2012
2015
2018
1977
2012
2006
2015
1966
2019
2018
0
0
2014
0
0
2017
2018
1879
1991
0
0
1961
2017
0
1913
0
0
1999
1961
0
0
0
0
2013
2013
0
1993
0
2016
2018
0
2015
2019
0
0
2010
2005
2011
2007
2009
0
2003
2014
1999
2018
2020
2018
1972
2018
2011
2019
0
2007
0
1978
1858
1974
2017
0
2008
0
0
2007
2014
2016
1993
1978
0
2016
1936
0
2005
1959
2001
2015
1988
1981
1936
2019
2005
0
1965
2018
0
2010
2014
2016
2002
0
0
1963
2005
2016
2018
2015
1985
2007
2010
0
2014
0
1970
1975
2014
2012
2019
0
1974
2019
1975
2002
1998
2016
2016
2012
0
2008
2013
1969
2020
1913
2017
2017
2020
0
1954
0
1936
2016
2018
0
2019
2014
0
0
2003
2009
1964
1986
0
2011
0
0
2018
0
0
2010
2017
2017
0
1955
0
2018
2014
0
0
2015
2002
2016
2019
0
0
2019
0
1975
2017
2010
1977
2019
0
2019
2013
2018
2019
2018
2009
0
1961
2003
2018
2008
1967
2017
1936
0
2010
2019
2013
2012
0
0
0
2013
0
2009
1985
2018
1989
2019
1998
2013
2008
2015
2019
0
2018
2006
1972
1976
1914
0
0
2008
2017
1973
1956
2020
1981
0
0
0
2005
1940
0
1976
2018
2010
2022
2006
1957
2019
2004
2016
1977
0
1973
0
0
2015
2018
1910
0
1967
1972
2010
0
2013
2013
1961
2017
0
2005
2017
2007
0
1955
2020
0
0
2013
2013
1977
0
0
0
0
1954
1972
0
2018
2018
1957
2009
0
2019
0
0
2005
2018
2017
2011
0
1977
2015
1987
0
1995
2005
1961
2000
2008
2018
2014
0
0
2010
1966
0
2005
2015
0
1962
2015
2012
1903
1998
2016
2020
1938
0
0
1966
1937
2019
2019
0
2019
1985
0
1981
0
2011
0
1983
0
0
2018
0
2019
2004
2014
2017
2000
2004
2012
0
2019
2017
2001
1948
0
2013
2018
2018
2017
2010
0
0
1987
2018
1973
1969
2015
2016
2014
0
1965
2016
2004
0
2011
0
0
2019
2019
0
2008
0
2018
2016
0
2006
0
2019
0
1963
2014
2017
1911
0
0
1969
0
1967
2019
2019
1965
2020
2012
0
1963
1995
0
0
1959
2014
2013
0
2014
2017
1917
2019
0
0
2008
0
1962
2014
2018
0
0
0
1977
2006
0
2017
1972
2018
0
1977
0
0
0
0
2016
1987
2020
0
2007
1993
0
0
2011
2006
0
2001
1994
0
1959
0
1986
0
0
0
1997
2012
2016
2001
0
0
1917
2017
1990
2007
1977
0
2021
2010
1997
2013
0
2016
